[48 30 50 54] [127 126 123 143] [52 63 70 70] [138 141 127 183]
[48 30 50 54] [127 126 123 143] [52 63 70 70] [138 141 127 183]
[48 30 50 54] [127 126 123 143] [52 63 70 70] [138 141 127 183]
[48 30 50 54] [127 126 123 143] [52 63 70 70] [138 141 127 183]
[48 30 50 54] [127 126 123 143] [52 63 70 70] [138 141 127 183]
[48 30 50 54] [127 126 123 143] [52 63 70 70] [138 141 127 183]
[48 30 50 54] [127 126 123 143] [52 63 70 70] [138 141 127 183]
[48 30 50 54] [127 126 123 143] [52 63 70 70] [138 141 127 183]
[48 30 50 54] [127 126 123 143] [52 63 70 70] [138 141 127 183]
[40  6 48  5] [64 72 34 84] [30 21 51 28] [ 38 102  41 126]
[  -4  335 -115  483] [-12 428 -84 514] [ -40  388 -147  543] [  0 460 -79 557]
[48 30 50 54] [127 126 123 143] [52 63 70 70] [138 141 127 183][48 30 50 54] [127 126 123 143] [52 63 70 70] [138 141 127 183][48 30 50 54] [127 126 123 143] [52 63 70 70] [138 141 127 183][48 30 50 54] [127 126 123 143] [52 63 70 70] [138 141 127 183][48 30 50 54] [127 126 123 143] [52 63 70 70] [138 141 127 183][48 30 50 54] [127 126 123 143] [52 63 70 70] [138 141 127 183][48 30 50 54] [127 126 123 143] [52 63 70 70] [138 141 127 183][48 30 50 54] [127 126 123 143] [52 63 70 70] [138 141 127 183]
[48 30 50 54] [127 126 123 143] [52 63 70 70] [138 141 127 183]