[712 845 823 773 872 663 794 787 782 849 606 799 752 957 839 716 758 644
 773 662 905 625 718 612 902 722 564 710 809 743 857 632] [590 821 736 708 806 673 664 772 787 722 589 627 680 884 812 588 693 577
 650 650 865 567 656 511 912 718 470 628 619 726 762 544] [752 719 775 774 830 637 715 721 820 847 637 738 695 885 760 722 739 653
 770 649 759 581 548 626 740 590 599 780 765 669 752 752] [749 759 706 642 730 678 726 814 705 844 670 607 590 905 829 648 693 602
 673 666 788 625 615 562 909 548 472 738 792 658 736 615] [579 723 695 612 771 627 700 762 705 772 652 742 568 877 689 579 683 607
 680 661 795 562 627 458 852 627 497 740 596 723 628 625] [596 574 551 538 699 465 592 563 514 656 542 549 495 689 552 480 528 411
 665 486 602 471 401 449 654 421 384 679 484 524 527 598] [588 661 659 605 656 557 615 657 646 637 486 591 491 767 655 582 542 557
 604 607 638 461 521 465 708 531 443 584 687 552 655 478] [590 729 706 685 760 593 709 712 847 683 576 650 598 899 729 611 632 631
 654 643 785 523 600 476 746 659 449 628 734 690 806 567] [593 776 718 777 746 790 703 807 771 848 668 726 654 955 770 641 810 603
 684 632 802 635 646 615 899 597 515 682 758 786 828 592] [582 823 754 531 830 616 742 694 759 736 643 639 585 872 798 593 728 559
 710 601 865 585 637 583 865 689 437 708 734 737 772 483] [458 640 627 601 675 533 586 683 675 512 518 543 551 716 538 565 522 561
 525 540 609 457 535 521 606 548 399 466 634 560 747 492] [566 679 720 675 644 735 706 729 619 768 531 717 552 816 720 569 720 512
 714 607 717 513 553 494 745 507 405 590 743 688 724 491] [572 669 756 707 716 597 727 741 769 754 623 697 572 808 636 668 696 645
 746 650 677 556 587 588 699 574 488 587 770 695 797 600] [481 561 539 429 619 502 515 557 596 555 509 463 494 660 538 461 544 419
 501 585 567 444 442 427 635 401 378 513 555 595 555 463] [591 585 562 605 634 504 537 677 601 655 467 527 506 766 631 546 659 573
 683 512 624 423 466 385 700 432 359 528 572 498 571 468] [413 599 598 555 547 502 510 569 509 725 484 463 462 674 527 481 513 462
 468 523 631 541 528 414 651 461 277 431 553 617 642 469] [654 749 687 654 811 654 660 675 739 767 717 660 679 953 671 711 704 643
 702 713 855 551 674 571 905 632 495 741 738 736 815 690] [ 748  788  693  636  900  685  786  874  826  689  696  632  703  976
  859  666  746  669  707  724  893  582  738  601 1068  708  523  790
  794  775  830  711] [530 503 616 587 665 492 589 664 612 605 476 554 501 667 586 440 545 493
 596 489 570 441 446 383 635 540 465 543 571 530 564 539] [580 820 704 718 868 677 640 715 802 903 643 660 704 948 774 767 730 600
 721 765 840 559 710 619 893 671 441 696 710 632 714 575] [508 690 668 630 795 642 652 688 739 713 634 570 595 830 650 630 601 613
 656 625 746 498 573 517 751 676 376 642 632 648 714 548] [616 622 728 551 714 549 633 601 711 763 669 559 648 781 690 556 580 510
 649 626 722 538 543 482 738 604 370 631 685 654 776 614] [445 635 577 556 715 505 536 626 651 618 500 565 551 727 554 532 631 540
 615 555 628 469 518 528 630 502 398 458 552 546 634 458] [615 529 599 584 580 508 617 593 579 656 466 611 509 728 666 498 546 469
 607 447 649 429 424 376 663 495 420 581 599 549 634 494] [515 609 583 633 695 612 663 660 727 593 524 586 592 754 646 545 567 498
 558 599 656 455 534 559 708 582 447 570 624 569 681 486] [541 563 474 544 627 528 503 594 524 636 425 501 515 719 623 498 600 442
 500 462 605 444 468 440 745 417 389 559 535 517 491 487] [502 582 546 558 605 532 531 599 519 585 523 553 514 713 579 489 534 491
 578 530 601 430 498 400 719 456 332 554 539 510 588 464] [605 758 790 718 811 730 729 814 881 743 657 668 709 895 812 690 754 670
 751 729 754 645 674 674 837 664 467 619 752 725 834 562] [704 797 774 695 800 593 747 752 838 757 650 757 631 950 747 651 674 653
 727 647 845 609 583 607 831 639 509 740 741 747 879 655] [595 809 803 589 929 682 712 768 808 814 695 724 603 999 696 676 733 673
 706 791 816 633 645 654 912 657 518 741 764 755 761 554] [622 723 649 618 743 606 711 618 706 669 597 610 651 826 717 569 626 487
 671 533 833 454 505 448 716 592 419 709 613 639 730 558] [539 706 636 695 593 651 567 706 658 684 539 632 562 800 625 556 729 637
 719 515 696 498 627 494 733 581 429 615 664 669 683 570][712 845 823 773 872 663 794 787 782 849 606 799 752 957 839 716 758 644
 773 662 905 625 718 612 902 722 564 710 809 743 857 632] [590 821 736 708 806 673 664 772 787 722 589 627 680 884 812 588 693 577
 650 650 865 567 656 511 912 718 470 628 619 726 762 544] [752 719 775 774 830 637 715 721 820 847 637 738 695 885 760 722 739 653
 770 649 759 581 548 626 740 590 599 780 765 669 752 752] [749 759 706 642 730 678 726 814 705 844 670 607 590 905 829 648 693 602
 673 666 788 625 615 562 909 548 472 738 792 658 736 615] [579 723 695 612 771 627 700 762 705 772 652 742 568 877 689 579 683 607
 680 661 795 562 627 458 852 627 497 740 596 723 628 625] [596 574 551 538 699 465 592 563 514 656 542 549 495 689 552 480 528 411
 665 486 602 471 401 449 654 421 384 679 484 524 527 598] [588 661 659 605 656 557 615 657 646 637 486 591 491 767 655 582 542 557
 604 607 638 461 521 465 708 531 443 584 687 552 655 478] [590 729 706 685 760 593 709 712 847 683 576 650 598 899 729 611 632 631
 654 643 785 523 600 476 746 659 449 628 734 690 806 567] [593 776 718 777 746 790 703 807 771 848 668 726 654 955 770 641 810 603
 684 632 802 635 646 615 899 597 515 682 758 786 828 592] [582 823 754 531 830 616 742 694 759 736 643 639 585 872 798 593 728 559
 710 601 865 585 637 583 865 689 437 708 734 737 772 483] [458 640 627 601 675 533 586 683 675 512 518 543 551 716 538 565 522 561
 525 540 609 457 535 521 606 548 399 466 634 560 747 492] [566 679 720 675 644 735 706 729 619 768 531 717 552 816 720 569 720 512
 714 607 717 513 553 494 745 507 405 590 743 688 724 491] [572 669 756 707 716 597 727 741 769 754 623 697 572 808 636 668 696 645
 746 650 677 556 587 588 699 574 488 587 770 695 797 600] [481 561 539 429 619 502 515 557 596 555 509 463 494 660 538 461 544 419
 501 585 567 444 442 427 635 401 378 513 555 595 555 463] [591 585 562 605 634 504 537 677 601 655 467 527 506 766 631 546 659 573
 683 512 624 423 466 385 700 432 359 528 572 498 571 468] [413 599 598 555 547 502 510 569 509 725 484 463 462 674 527 481 513 462
 468 523 631 541 528 414 651 461 277 431 553 617 642 469] [654 749 687 654 811 654 660 675 739 767 717 660 679 953 671 711 704 643
 702 713 855 551 674 571 905 632 495 741 738 736 815 690] [ 748  788  693  636  900  685  786  874  826  689  696  632  703  976
  859  666  746  669  707  724  893  582  738  601 1068  708  523  790
  794  775  830  711] [530 503 616 587 665 492 589 664 612 605 476 554 501 667 586 440 545 493
 596 489 570 441 446 383 635 540 465 543 571 530 564 539] [580 820 704 718 868 677 640 715 802 903 643 660 704 948 774 767 730 600
 721 765 840 559 710 619 893 671 441 696 710 632 714 575] [508 690 668 630 795 642 652 688 739 713 634 570 595 830 650 630 601 613
 656 625 746 498 573 517 751 676 376 642 632 648 714 548] [616 622 728 551 714 549 633 601 711 763 669 559 648 781 690 556 580 510
 649 626 722 538 543 482 738 604 370 631 685 654 776 614] [445 635 577 556 715 505 536 626 651 618 500 565 551 727 554 532 631 540
 615 555 628 469 518 528 630 502 398 458 552 546 634 458] [615 529 599 584 580 508 617 593 579 656 466 611 509 728 666 498 546 469
 607 447 649 429 424 376 663 495 420 581 599 549 634 494] [515 609 583 633 695 612 663 660 727 593 524 586 592 754 646 545 567 498
 558 599 656 455 534 559 708 582 447 570 624 569 681 486] [541 563 474 544 627 528 503 594 524 636 425 501 515 719 623 498 600 442
 500 462 605 444 468 440 745 417 389 559 535 517 491 487] [502 582 546 558 605 532 531 599 519 585 523 553 514 713 579 489 534 491
 578 530 601 430 498 400 719 456 332 554 539 510 588 464] [605 758 790 718 811 730 729 814 881 743 657 668 709 895 812 690 754 670
 751 729 754 645 674 674 837 664 467 619 752 725 834 562] [704 797 774 695 800 593 747 752 838 757 650 757 631 950 747 651 674 653
 727 647 845 609 583 607 831 639 509 740 741 747 879 655] [595 809 803 589 929 682 712 768 808 814 695 724 603 999 696 676 733 673
 706 791 816 633 645 654 912 657 518 741 764 755 761 554] [622 723 649 618 743 606 711 618 706 669 597 610 651 826 717 569 626 487
 671 533 833 454 505 448 716 592 419 709 613 639 730 558] [539 706 636 695 593 651 567 706 658 684 539 632 562 800 625 556 729 637
 719 515 696 498 627 494 733 581 429 615 664 669 683 570][712 845 823 773 872 663 794 787 782 849 606 799 752 957 839 716 758 644
 773 662 905 625 718 612 902 722 564 710 809 743 857 632] [590 821 736 708 806 673 664 772 787 722 589 627 680 884 812 588 693 577
 650 650 865 567 656 511 912 718 470 628 619 726 762 544] [752 719 775 774 830 637 715 721 820 847 637 738 695 885 760 722 739 653
 770 649 759 581 548 626 740 590 599 780 765 669 752 752] [749 759 706 642 730 678 726 814 705 844 670 607 590 905 829 648 693 602
 673 666 788 625 615 562 909 548 472 738 792 658 736 615] [579 723 695 612 771 627 700 762 705 772 652 742 568 877 689 579 683 607
 680 661 795 562 627 458 852 627 497 740 596 723 628 625] [596 574 551 538 699 465 592 563 514 656 542 549 495 689 552 480 528 411
 665 486 602 471 401 449 654 421 384 679 484 524 527 598] [588 661 659 605 656 557 615 657 646 637 486 591 491 767 655 582 542 557
 604 607 638 461 521 465 708 531 443 584 687 552 655 478] [590 729 706 685 760 593 709 712 847 683 576 650 598 899 729 611 632 631
 654 643 785 523 600 476 746 659 449 628 734 690 806 567] [593 776 718 777 746 790 703 807 771 848 668 726 654 955 770 641 810 603
 684 632 802 635 646 615 899 597 515 682 758 786 828 592] [582 823 754 531 830 616 742 694 759 736 643 639 585 872 798 593 728 559
 710 601 865 585 637 583 865 689 437 708 734 737 772 483] [458 640 627 601 675 533 586 683 675 512 518 543 551 716 538 565 522 561
 525 540 609 457 535 521 606 548 399 466 634 560 747 492] [566 679 720 675 644 735 706 729 619 768 531 717 552 816 720 569 720 512
 714 607 717 513 553 494 745 507 405 590 743 688 724 491] [572 669 756 707 716 597 727 741 769 754 623 697 572 808 636 668 696 645
 746 650 677 556 587 588 699 574 488 587 770 695 797 600] [481 561 539 429 619 502 515 557 596 555 509 463 494 660 538 461 544 419
 501 585 567 444 442 427 635 401 378 513 555 595 555 463] [591 585 562 605 634 504 537 677 601 655 467 527 506 766 631 546 659 573
 683 512 624 423 466 385 700 432 359 528 572 498 571 468] [413 599 598 555 547 502 510 569 509 725 484 463 462 674 527 481 513 462
 468 523 631 541 528 414 651 461 277 431 553 617 642 469] [654 749 687 654 811 654 660 675 739 767 717 660 679 953 671 711 704 643
 702 713 855 551 674 571 905 632 495 741 738 736 815 690] [ 748  788  693  636  900  685  786  874  826  689  696  632  703  976
  859  666  746  669  707  724  893  582  738  601 1068  708  523  790
  794  775  830  711] [530 503 616 587 665 492 589 664 612 605 476 554 501 667 586 440 545 493
 596 489 570 441 446 383 635 540 465 543 571 530 564 539] [580 820 704 718 868 677 640 715 802 903 643 660 704 948 774 767 730 600
 721 765 840 559 710 619 893 671 441 696 710 632 714 575] [508 690 668 630 795 642 652 688 739 713 634 570 595 830 650 630 601 613
 656 625 746 498 573 517 751 676 376 642 632 648 714 548] [616 622 728 551 714 549 633 601 711 763 669 559 648 781 690 556 580 510
 649 626 722 538 543 482 738 604 370 631 685 654 776 614] [445 635 577 556 715 505 536 626 651 618 500 565 551 727 554 532 631 540
 615 555 628 469 518 528 630 502 398 458 552 546 634 458] [615 529 599 584 580 508 617 593 579 656 466 611 509 728 666 498 546 469
 607 447 649 429 424 376 663 495 420 581 599 549 634 494] [515 609 583 633 695 612 663 660 727 593 524 586 592 754 646 545 567 498
 558 599 656 455 534 559 708 582 447 570 624 569 681 486] [541 563 474 544 627 528 503 594 524 636 425 501 515 719 623 498 600 442
 500 462 605 444 468 440 745 417 389 559 535 517 491 487] [502 582 546 558 605 532 531 599 519 585 523 553 514 713 579 489 534 491
 578 530 601 430 498 400 719 456 332 554 539 510 588 464] [605 758 790 718 811 730 729 814 881 743 657 668 709 895 812 690 754 670
 751 729 754 645 674 674 837 664 467 619 752 725 834 562] [704 797 774 695 800 593 747 752 838 757 650 757 631 950 747 651 674 653
 727 647 845 609 583 607 831 639 509 740 741 747 879 655] [595 809 803 589 929 682 712 768 808 814 695 724 603 999 696 676 733 673
 706 791 816 633 645 654 912 657 518 741 764 755 761 554] [622 723 649 618 743 606 711 618 706 669 597 610 651 826 717 569 626 487
 671 533 833 454 505 448 716 592 419 709 613 639 730 558] [539 706 636 695 593 651 567 706 658 684 539 632 562 800 625 556 729 637
 719 515 696 498 627 494 733 581 429 615 664 669 683 570][712 845 823 773 872 663 794 787 782 849 606 799 752 957 839 716 758 644
 773 662 905 625 718 612 902 722 564 710 809 743 857 632] [590 821 736 708 806 673 664 772 787 722 589 627 680 884 812 588 693 577
 650 650 865 567 656 511 912 718 470 628 619 726 762 544] [752 719 775 774 830 637 715 721 820 847 637 738 695 885 760 722 739 653
 770 649 759 581 548 626 740 590 599 780 765 669 752 752] [749 759 706 642 730 678 726 814 705 844 670 607 590 905 829 648 693 602
 673 666 788 625 615 562 909 548 472 738 792 658 736 615] [579 723 695 612 771 627 700 762 705 772 652 742 568 877 689 579 683 607
 680 661 795 562 627 458 852 627 497 740 596 723 628 625] [596 574 551 538 699 465 592 563 514 656 542 549 495 689 552 480 528 411
 665 486 602 471 401 449 654 421 384 679 484 524 527 598] [588 661 659 605 656 557 615 657 646 637 486 591 491 767 655 582 542 557
 604 607 638 461 521 465 708 531 443 584 687 552 655 478] [590 729 706 685 760 593 709 712 847 683 576 650 598 899 729 611 632 631
 654 643 785 523 600 476 746 659 449 628 734 690 806 567] [593 776 718 777 746 790 703 807 771 848 668 726 654 955 770 641 810 603
 684 632 802 635 646 615 899 597 515 682 758 786 828 592] [582 823 754 531 830 616 742 694 759 736 643 639 585 872 798 593 728 559
 710 601 865 585 637 583 865 689 437 708 734 737 772 483] [458 640 627 601 675 533 586 683 675 512 518 543 551 716 538 565 522 561
 525 540 609 457 535 521 606 548 399 466 634 560 747 492] [566 679 720 675 644 735 706 729 619 768 531 717 552 816 720 569 720 512
 714 607 717 513 553 494 745 507 405 590 743 688 724 491] [572 669 756 707 716 597 727 741 769 754 623 697 572 808 636 668 696 645
 746 650 677 556 587 588 699 574 488 587 770 695 797 600] [481 561 539 429 619 502 515 557 596 555 509 463 494 660 538 461 544 419
 501 585 567 444 442 427 635 401 378 513 555 595 555 463] [591 585 562 605 634 504 537 677 601 655 467 527 506 766 631 546 659 573
 683 512 624 423 466 385 700 432 359 528 572 498 571 468] [413 599 598 555 547 502 510 569 509 725 484 463 462 674 527 481 513 462
 468 523 631 541 528 414 651 461 277 431 553 617 642 469] [654 749 687 654 811 654 660 675 739 767 717 660 679 953 671 711 704 643
 702 713 855 551 674 571 905 632 495 741 738 736 815 690] [ 748  788  693  636  900  685  786  874  826  689  696  632  703  976
  859  666  746  669  707  724  893  582  738  601 1068  708  523  790
  794  775  830  711] [530 503 616 587 665 492 589 664 612 605 476 554 501 667 586 440 545 493
 596 489 570 441 446 383 635 540 465 543 571 530 564 539] [580 820 704 718 868 677 640 715 802 903 643 660 704 948 774 767 730 600
 721 765 840 559 710 619 893 671 441 696 710 632 714 575] [508 690 668 630 795 642 652 688 739 713 634 570 595 830 650 630 601 613
 656 625 746 498 573 517 751 676 376 642 632 648 714 548] [616 622 728 551 714 549 633 601 711 763 669 559 648 781 690 556 580 510
 649 626 722 538 543 482 738 604 370 631 685 654 776 614] [445 635 577 556 715 505 536 626 651 618 500 565 551 727 554 532 631 540
 615 555 628 469 518 528 630 502 398 458 552 546 634 458] [615 529 599 584 580 508 617 593 579 656 466 611 509 728 666 498 546 469
 607 447 649 429 424 376 663 495 420 581 599 549 634 494] [515 609 583 633 695 612 663 660 727 593 524 586 592 754 646 545 567 498
 558 599 656 455 534 559 708 582 447 570 624 569 681 486] [541 563 474 544 627 528 503 594 524 636 425 501 515 719 623 498 600 442
 500 462 605 444 468 440 745 417 389 559 535 517 491 487] [502 582 546 558 605 532 531 599 519 585 523 553 514 713 579 489 534 491
 578 530 601 430 498 400 719 456 332 554 539 510 588 464] [605 758 790 718 811 730 729 814 881 743 657 668 709 895 812 690 754 670
 751 729 754 645 674 674 837 664 467 619 752 725 834 562] [704 797 774 695 800 593 747 752 838 757 650 757 631 950 747 651 674 653
 727 647 845 609 583 607 831 639 509 740 741 747 879 655] [595 809 803 589 929 682 712 768 808 814 695 724 603 999 696 676 733 673
 706 791 816 633 645 654 912 657 518 741 764 755 761 554] [622 723 649 618 743 606 711 618 706 669 597 610 651 826 717 569 626 487
 671 533 833 454 505 448 716 592 419 709 613 639 730 558] [539 706 636 695 593 651 567 706 658 684 539 632 562 800 625 556 729 637
 719 515 696 498 627 494 733 581 429 615 664 669 683 570][712 845 823 773 872 663 794 787 782 849 606 799 752 957 839 716 758 644
 773 662 905 625 718 612 902 722 564 710 809 743 857 632] [590 821 736 708 806 673 664 772 787 722 589 627 680 884 812 588 693 577
 650 650 865 567 656 511 912 718 470 628 619 726 762 544] [752 719 775 774 830 637 715 721 820 847 637 738 695 885 760 722 739 653
 770 649 759 581 548 626 740 590 599 780 765 669 752 752] [749 759 706 642 730 678 726 814 705 844 670 607 590 905 829 648 693 602
 673 666 788 625 615 562 909 548 472 738 792 658 736 615] [579 723 695 612 771 627 700 762 705 772 652 742 568 877 689 579 683 607
 680 661 795 562 627 458 852 627 497 740 596 723 628 625] [596 574 551 538 699 465 592 563 514 656 542 549 495 689 552 480 528 411
 665 486 602 471 401 449 654 421 384 679 484 524 527 598] [588 661 659 605 656 557 615 657 646 637 486 591 491 767 655 582 542 557
 604 607 638 461 521 465 708 531 443 584 687 552 655 478] [590 729 706 685 760 593 709 712 847 683 576 650 598 899 729 611 632 631
 654 643 785 523 600 476 746 659 449 628 734 690 806 567] [593 776 718 777 746 790 703 807 771 848 668 726 654 955 770 641 810 603
 684 632 802 635 646 615 899 597 515 682 758 786 828 592] [582 823 754 531 830 616 742 694 759 736 643 639 585 872 798 593 728 559
 710 601 865 585 637 583 865 689 437 708 734 737 772 483] [458 640 627 601 675 533 586 683 675 512 518 543 551 716 538 565 522 561
 525 540 609 457 535 521 606 548 399 466 634 560 747 492] [566 679 720 675 644 735 706 729 619 768 531 717 552 816 720 569 720 512
 714 607 717 513 553 494 745 507 405 590 743 688 724 491] [572 669 756 707 716 597 727 741 769 754 623 697 572 808 636 668 696 645
 746 650 677 556 587 588 699 574 488 587 770 695 797 600] [481 561 539 429 619 502 515 557 596 555 509 463 494 660 538 461 544 419
 501 585 567 444 442 427 635 401 378 513 555 595 555 463] [591 585 562 605 634 504 537 677 601 655 467 527 506 766 631 546 659 573
 683 512 624 423 466 385 700 432 359 528 572 498 571 468] [413 599 598 555 547 502 510 569 509 725 484 463 462 674 527 481 513 462
 468 523 631 541 528 414 651 461 277 431 553 617 642 469] [654 749 687 654 811 654 660 675 739 767 717 660 679 953 671 711 704 643
 702 713 855 551 674 571 905 632 495 741 738 736 815 690] [ 748  788  693  636  900  685  786  874  826  689  696  632  703  976
  859  666  746  669  707  724  893  582  738  601 1068  708  523  790
  794  775  830  711] [530 503 616 587 665 492 589 664 612 605 476 554 501 667 586 440 545 493
 596 489 570 441 446 383 635 540 465 543 571 530 564 539] [580 820 704 718 868 677 640 715 802 903 643 660 704 948 774 767 730 600
 721 765 840 559 710 619 893 671 441 696 710 632 714 575] [508 690 668 630 795 642 652 688 739 713 634 570 595 830 650 630 601 613
 656 625 746 498 573 517 751 676 376 642 632 648 714 548] [616 622 728 551 714 549 633 601 711 763 669 559 648 781 690 556 580 510
 649 626 722 538 543 482 738 604 370 631 685 654 776 614] [445 635 577 556 715 505 536 626 651 618 500 565 551 727 554 532 631 540
 615 555 628 469 518 528 630 502 398 458 552 546 634 458] [615 529 599 584 580 508 617 593 579 656 466 611 509 728 666 498 546 469
 607 447 649 429 424 376 663 495 420 581 599 549 634 494] [515 609 583 633 695 612 663 660 727 593 524 586 592 754 646 545 567 498
 558 599 656 455 534 559 708 582 447 570 624 569 681 486] [541 563 474 544 627 528 503 594 524 636 425 501 515 719 623 498 600 442
 500 462 605 444 468 440 745 417 389 559 535 517 491 487] [502 582 546 558 605 532 531 599 519 585 523 553 514 713 579 489 534 491
 578 530 601 430 498 400 719 456 332 554 539 510 588 464] [605 758 790 718 811 730 729 814 881 743 657 668 709 895 812 690 754 670
 751 729 754 645 674 674 837 664 467 619 752 725 834 562] [704 797 774 695 800 593 747 752 838 757 650 757 631 950 747 651 674 653
 727 647 845 609 583 607 831 639 509 740 741 747 879 655] [595 809 803 589 929 682 712 768 808 814 695 724 603 999 696 676 733 673
 706 791 816 633 645 654 912 657 518 741 764 755 761 554] [622 723 649 618 743 606 711 618 706 669 597 610 651 826 717 569 626 487
 671 533 833 454 505 448 716 592 419 709 613 639 730 558] [539 706 636 695 593 651 567 706 658 684 539 632 562 800 625 556 729 637
 719 515 696 498 627 494 733 581 429 615 664 669 683 570][712 845 823 773 872 663 794 787 782 849 606 799 752 957 839 716 758 644
 773 662 905 625 718 612 902 722 564 710 809 743 857 632] [590 821 736 708 806 673 664 772 787 722 589 627 680 884 812 588 693 577
 650 650 865 567 656 511 912 718 470 628 619 726 762 544] [752 719 775 774 830 637 715 721 820 847 637 738 695 885 760 722 739 653
 770 649 759 581 548 626 740 590 599 780 765 669 752 752] [749 759 706 642 730 678 726 814 705 844 670 607 590 905 829 648 693 602
 673 666 788 625 615 562 909 548 472 738 792 658 736 615] [579 723 695 612 771 627 700 762 705 772 652 742 568 877 689 579 683 607
 680 661 795 562 627 458 852 627 497 740 596 723 628 625] [596 574 551 538 699 465 592 563 514 656 542 549 495 689 552 480 528 411
 665 486 602 471 401 449 654 421 384 679 484 524 527 598] [588 661 659 605 656 557 615 657 646 637 486 591 491 767 655 582 542 557
 604 607 638 461 521 465 708 531 443 584 687 552 655 478] [590 729 706 685 760 593 709 712 847 683 576 650 598 899 729 611 632 631
 654 643 785 523 600 476 746 659 449 628 734 690 806 567] [593 776 718 777 746 790 703 807 771 848 668 726 654 955 770 641 810 603
 684 632 802 635 646 615 899 597 515 682 758 786 828 592] [582 823 754 531 830 616 742 694 759 736 643 639 585 872 798 593 728 559
 710 601 865 585 637 583 865 689 437 708 734 737 772 483] [458 640 627 601 675 533 586 683 675 512 518 543 551 716 538 565 522 561
 525 540 609 457 535 521 606 548 399 466 634 560 747 492] [566 679 720 675 644 735 706 729 619 768 531 717 552 816 720 569 720 512
 714 607 717 513 553 494 745 507 405 590 743 688 724 491] [572 669 756 707 716 597 727 741 769 754 623 697 572 808 636 668 696 645
 746 650 677 556 587 588 699 574 488 587 770 695 797 600] [481 561 539 429 619 502 515 557 596 555 509 463 494 660 538 461 544 419
 501 585 567 444 442 427 635 401 378 513 555 595 555 463] [591 585 562 605 634 504 537 677 601 655 467 527 506 766 631 546 659 573
 683 512 624 423 466 385 700 432 359 528 572 498 571 468] [413 599 598 555 547 502 510 569 509 725 484 463 462 674 527 481 513 462
 468 523 631 541 528 414 651 461 277 431 553 617 642 469] [654 749 687 654 811 654 660 675 739 767 717 660 679 953 671 711 704 643
 702 713 855 551 674 571 905 632 495 741 738 736 815 690] [ 748  788  693  636  900  685  786  874  826  689  696  632  703  976
  859  666  746  669  707  724  893  582  738  601 1068  708  523  790
  794  775  830  711] [530 503 616 587 665 492 589 664 612 605 476 554 501 667 586 440 545 493
 596 489 570 441 446 383 635 540 465 543 571 530 564 539] [580 820 704 718 868 677 640 715 802 903 643 660 704 948 774 767 730 600
 721 765 840 559 710 619 893 671 441 696 710 632 714 575] [508 690 668 630 795 642 652 688 739 713 634 570 595 830 650 630 601 613
 656 625 746 498 573 517 751 676 376 642 632 648 714 548] [616 622 728 551 714 549 633 601 711 763 669 559 648 781 690 556 580 510
 649 626 722 538 543 482 738 604 370 631 685 654 776 614] [445 635 577 556 715 505 536 626 651 618 500 565 551 727 554 532 631 540
 615 555 628 469 518 528 630 502 398 458 552 546 634 458] [615 529 599 584 580 508 617 593 579 656 466 611 509 728 666 498 546 469
 607 447 649 429 424 376 663 495 420 581 599 549 634 494] [515 609 583 633 695 612 663 660 727 593 524 586 592 754 646 545 567 498
 558 599 656 455 534 559 708 582 447 570 624 569 681 486] [541 563 474 544 627 528 503 594 524 636 425 501 515 719 623 498 600 442
 500 462 605 444 468 440 745 417 389 559 535 517 491 487] [502 582 546 558 605 532 531 599 519 585 523 553 514 713 579 489 534 491
 578 530 601 430 498 400 719 456 332 554 539 510 588 464] [605 758 790 718 811 730 729 814 881 743 657 668 709 895 812 690 754 670
 751 729 754 645 674 674 837 664 467 619 752 725 834 562] [704 797 774 695 800 593 747 752 838 757 650 757 631 950 747 651 674 653
 727 647 845 609 583 607 831 639 509 740 741 747 879 655] [595 809 803 589 929 682 712 768 808 814 695 724 603 999 696 676 733 673
 706 791 816 633 645 654 912 657 518 741 764 755 761 554] [622 723 649 618 743 606 711 618 706 669 597 610 651 826 717 569 626 487
 671 533 833 454 505 448 716 592 419 709 613 639 730 558] [539 706 636 695 593 651 567 706 658 684 539 632 562 800 625 556 729 637
 719 515 696 498 627 494 733 581 429 615 664 669 683 570][712 845 823 773 872 663 794 787 782 849 606 799 752 957 839 716 758 644
 773 662 905 625 718 612 902 722 564 710 809 743 857 632] [590 821 736 708 806 673 664 772 787 722 589 627 680 884 812 588 693 577
 650 650 865 567 656 511 912 718 470 628 619 726 762 544] [752 719 775 774 830 637 715 721 820 847 637 738 695 885 760 722 739 653
 770 649 759 581 548 626 740 590 599 780 765 669 752 752] [749 759 706 642 730 678 726 814 705 844 670 607 590 905 829 648 693 602
 673 666 788 625 615 562 909 548 472 738 792 658 736 615] [579 723 695 612 771 627 700 762 705 772 652 742 568 877 689 579 683 607
 680 661 795 562 627 458 852 627 497 740 596 723 628 625] [596 574 551 538 699 465 592 563 514 656 542 549 495 689 552 480 528 411
 665 486 602 471 401 449 654 421 384 679 484 524 527 598] [588 661 659 605 656 557 615 657 646 637 486 591 491 767 655 582 542 557
 604 607 638 461 521 465 708 531 443 584 687 552 655 478] [590 729 706 685 760 593 709 712 847 683 576 650 598 899 729 611 632 631
 654 643 785 523 600 476 746 659 449 628 734 690 806 567] [593 776 718 777 746 790 703 807 771 848 668 726 654 955 770 641 810 603
 684 632 802 635 646 615 899 597 515 682 758 786 828 592] [582 823 754 531 830 616 742 694 759 736 643 639 585 872 798 593 728 559
 710 601 865 585 637 583 865 689 437 708 734 737 772 483] [458 640 627 601 675 533 586 683 675 512 518 543 551 716 538 565 522 561
 525 540 609 457 535 521 606 548 399 466 634 560 747 492] [566 679 720 675 644 735 706 729 619 768 531 717 552 816 720 569 720 512
 714 607 717 513 553 494 745 507 405 590 743 688 724 491] [572 669 756 707 716 597 727 741 769 754 623 697 572 808 636 668 696 645
 746 650 677 556 587 588 699 574 488 587 770 695 797 600] [481 561 539 429 619 502 515 557 596 555 509 463 494 660 538 461 544 419
 501 585 567 444 442 427 635 401 378 513 555 595 555 463] [591 585 562 605 634 504 537 677 601 655 467 527 506 766 631 546 659 573
 683 512 624 423 466 385 700 432 359 528 572 498 571 468] [413 599 598 555 547 502 510 569 509 725 484 463 462 674 527 481 513 462
 468 523 631 541 528 414 651 461 277 431 553 617 642 469] [654 749 687 654 811 654 660 675 739 767 717 660 679 953 671 711 704 643
 702 713 855 551 674 571 905 632 495 741 738 736 815 690] [ 748  788  693  636  900  685  786  874  826  689  696  632  703  976
  859  666  746  669  707  724  893  582  738  601 1068  708  523  790
  794  775  830  711] [530 503 616 587 665 492 589 664 612 605 476 554 501 667 586 440 545 493
 596 489 570 441 446 383 635 540 465 543 571 530 564 539] [580 820 704 718 868 677 640 715 802 903 643 660 704 948 774 767 730 600
 721 765 840 559 710 619 893 671 441 696 710 632 714 575] [508 690 668 630 795 642 652 688 739 713 634 570 595 830 650 630 601 613
 656 625 746 498 573 517 751 676 376 642 632 648 714 548] [616 622 728 551 714 549 633 601 711 763 669 559 648 781 690 556 580 510
 649 626 722 538 543 482 738 604 370 631 685 654 776 614] [445 635 577 556 715 505 536 626 651 618 500 565 551 727 554 532 631 540
 615 555 628 469 518 528 630 502 398 458 552 546 634 458] [615 529 599 584 580 508 617 593 579 656 466 611 509 728 666 498 546 469
 607 447 649 429 424 376 663 495 420 581 599 549 634 494] [515 609 583 633 695 612 663 660 727 593 524 586 592 754 646 545 567 498
 558 599 656 455 534 559 708 582 447 570 624 569 681 486] [541 563 474 544 627 528 503 594 524 636 425 501 515 719 623 498 600 442
 500 462 605 444 468 440 745 417 389 559 535 517 491 487] [502 582 546 558 605 532 531 599 519 585 523 553 514 713 579 489 534 491
 578 530 601 430 498 400 719 456 332 554 539 510 588 464] [605 758 790 718 811 730 729 814 881 743 657 668 709 895 812 690 754 670
 751 729 754 645 674 674 837 664 467 619 752 725 834 562] [704 797 774 695 800 593 747 752 838 757 650 757 631 950 747 651 674 653
 727 647 845 609 583 607 831 639 509 740 741 747 879 655] [595 809 803 589 929 682 712 768 808 814 695 724 603 999 696 676 733 673
 706 791 816 633 645 654 912 657 518 741 764 755 761 554] [622 723 649 618 743 606 711 618 706 669 597 610 651 826 717 569 626 487
 671 533 833 454 505 448 716 592 419 709 613 639 730 558] [539 706 636 695 593 651 567 706 658 684 539 632 562 800 625 556 729 637
 719 515 696 498 627 494 733 581 429 615 664 669 683 570][712 845 823 773 872 663 794 787 782 849 606 799 752 957 839 716 758 644
 773 662 905 625 718 612 902 722 564 710 809 743 857 632] [590 821 736 708 806 673 664 772 787 722 589 627 680 884 812 588 693 577
 650 650 865 567 656 511 912 718 470 628 619 726 762 544] [752 719 775 774 830 637 715 721 820 847 637 738 695 885 760 722 739 653
 770 649 759 581 548 626 740 590 599 780 765 669 752 752] [749 759 706 642 730 678 726 814 705 844 670 607 590 905 829 648 693 602
 673 666 788 625 615 562 909 548 472 738 792 658 736 615] [579 723 695 612 771 627 700 762 705 772 652 742 568 877 689 579 683 607
 680 661 795 562 627 458 852 627 497 740 596 723 628 625] [596 574 551 538 699 465 592 563 514 656 542 549 495 689 552 480 528 411
 665 486 602 471 401 449 654 421 384 679 484 524 527 598] [588 661 659 605 656 557 615 657 646 637 486 591 491 767 655 582 542 557
 604 607 638 461 521 465 708 531 443 584 687 552 655 478] [590 729 706 685 760 593 709 712 847 683 576 650 598 899 729 611 632 631
 654 643 785 523 600 476 746 659 449 628 734 690 806 567] [593 776 718 777 746 790 703 807 771 848 668 726 654 955 770 641 810 603
 684 632 802 635 646 615 899 597 515 682 758 786 828 592] [582 823 754 531 830 616 742 694 759 736 643 639 585 872 798 593 728 559
 710 601 865 585 637 583 865 689 437 708 734 737 772 483] [458 640 627 601 675 533 586 683 675 512 518 543 551 716 538 565 522 561
 525 540 609 457 535 521 606 548 399 466 634 560 747 492] [566 679 720 675 644 735 706 729 619 768 531 717 552 816 720 569 720 512
 714 607 717 513 553 494 745 507 405 590 743 688 724 491] [572 669 756 707 716 597 727 741 769 754 623 697 572 808 636 668 696 645
 746 650 677 556 587 588 699 574 488 587 770 695 797 600] [481 561 539 429 619 502 515 557 596 555 509 463 494 660 538 461 544 419
 501 585 567 444 442 427 635 401 378 513 555 595 555 463] [591 585 562 605 634 504 537 677 601 655 467 527 506 766 631 546 659 573
 683 512 624 423 466 385 700 432 359 528 572 498 571 468] [413 599 598 555 547 502 510 569 509 725 484 463 462 674 527 481 513 462
 468 523 631 541 528 414 651 461 277 431 553 617 642 469] [654 749 687 654 811 654 660 675 739 767 717 660 679 953 671 711 704 643
 702 713 855 551 674 571 905 632 495 741 738 736 815 690] [ 748  788  693  636  900  685  786  874  826  689  696  632  703  976
  859  666  746  669  707  724  893  582  738  601 1068  708  523  790
  794  775  830  711] [530 503 616 587 665 492 589 664 612 605 476 554 501 667 586 440 545 493
 596 489 570 441 446 383 635 540 465 543 571 530 564 539] [580 820 704 718 868 677 640 715 802 903 643 660 704 948 774 767 730 600
 721 765 840 559 710 619 893 671 441 696 710 632 714 575] [508 690 668 630 795 642 652 688 739 713 634 570 595 830 650 630 601 613
 656 625 746 498 573 517 751 676 376 642 632 648 714 548] [616 622 728 551 714 549 633 601 711 763 669 559 648 781 690 556 580 510
 649 626 722 538 543 482 738 604 370 631 685 654 776 614] [445 635 577 556 715 505 536 626 651 618 500 565 551 727 554 532 631 540
 615 555 628 469 518 528 630 502 398 458 552 546 634 458] [615 529 599 584 580 508 617 593 579 656 466 611 509 728 666 498 546 469
 607 447 649 429 424 376 663 495 420 581 599 549 634 494] [515 609 583 633 695 612 663 660 727 593 524 586 592 754 646 545 567 498
 558 599 656 455 534 559 708 582 447 570 624 569 681 486] [541 563 474 544 627 528 503 594 524 636 425 501 515 719 623 498 600 442
 500 462 605 444 468 440 745 417 389 559 535 517 491 487] [502 582 546 558 605 532 531 599 519 585 523 553 514 713 579 489 534 491
 578 530 601 430 498 400 719 456 332 554 539 510 588 464] [605 758 790 718 811 730 729 814 881 743 657 668 709 895 812 690 754 670
 751 729 754 645 674 674 837 664 467 619 752 725 834 562] [704 797 774 695 800 593 747 752 838 757 650 757 631 950 747 651 674 653
 727 647 845 609 583 607 831 639 509 740 741 747 879 655] [595 809 803 589 929 682 712 768 808 814 695 724 603 999 696 676 733 673
 706 791 816 633 645 654 912 657 518 741 764 755 761 554] [622 723 649 618 743 606 711 618 706 669 597 610 651 826 717 569 626 487
 671 533 833 454 505 448 716 592 419 709 613 639 730 558] [539 706 636 695 593 651 567 706 658 684 539 632 562 800 625 556 729 637
 719 515 696 498 627 494 733 581 429 615 664 669 683 570][712 845 823 773 872 663 794 787 782 849 606 799 752 957 839 716 758 644
 773 662 905 625 718 612 902 722 564 710 809 743 857 632] [590 821 736 708 806 673 664 772 787 722 589 627 680 884 812 588 693 577
 650 650 865 567 656 511 912 718 470 628 619 726 762 544] [752 719 775 774 830 637 715 721 820 847 637 738 695 885 760 722 739 653
 770 649 759 581 548 626 740 590 599 780 765 669 752 752] [749 759 706 642 730 678 726 814 705 844 670 607 590 905 829 648 693 602
 673 666 788 625 615 562 909 548 472 738 792 658 736 615] [579 723 695 612 771 627 700 762 705 772 652 742 568 877 689 579 683 607
 680 661 795 562 627 458 852 627 497 740 596 723 628 625] [596 574 551 538 699 465 592 563 514 656 542 549 495 689 552 480 528 411
 665 486 602 471 401 449 654 421 384 679 484 524 527 598] [588 661 659 605 656 557 615 657 646 637 486 591 491 767 655 582 542 557
 604 607 638 461 521 465 708 531 443 584 687 552 655 478] [590 729 706 685 760 593 709 712 847 683 576 650 598 899 729 611 632 631
 654 643 785 523 600 476 746 659 449 628 734 690 806 567] [593 776 718 777 746 790 703 807 771 848 668 726 654 955 770 641 810 603
 684 632 802 635 646 615 899 597 515 682 758 786 828 592] [582 823 754 531 830 616 742 694 759 736 643 639 585 872 798 593 728 559
 710 601 865 585 637 583 865 689 437 708 734 737 772 483] [458 640 627 601 675 533 586 683 675 512 518 543 551 716 538 565 522 561
 525 540 609 457 535 521 606 548 399 466 634 560 747 492] [566 679 720 675 644 735 706 729 619 768 531 717 552 816 720 569 720 512
 714 607 717 513 553 494 745 507 405 590 743 688 724 491] [572 669 756 707 716 597 727 741 769 754 623 697 572 808 636 668 696 645
 746 650 677 556 587 588 699 574 488 587 770 695 797 600] [481 561 539 429 619 502 515 557 596 555 509 463 494 660 538 461 544 419
 501 585 567 444 442 427 635 401 378 513 555 595 555 463] [591 585 562 605 634 504 537 677 601 655 467 527 506 766 631 546 659 573
 683 512 624 423 466 385 700 432 359 528 572 498 571 468] [413 599 598 555 547 502 510 569 509 725 484 463 462 674 527 481 513 462
 468 523 631 541 528 414 651 461 277 431 553 617 642 469] [654 749 687 654 811 654 660 675 739 767 717 660 679 953 671 711 704 643
 702 713 855 551 674 571 905 632 495 741 738 736 815 690] [ 748  788  693  636  900  685  786  874  826  689  696  632  703  976
  859  666  746  669  707  724  893  582  738  601 1068  708  523  790
  794  775  830  711] [530 503 616 587 665 492 589 664 612 605 476 554 501 667 586 440 545 493
 596 489 570 441 446 383 635 540 465 543 571 530 564 539] [580 820 704 718 868 677 640 715 802 903 643 660 704 948 774 767 730 600
 721 765 840 559 710 619 893 671 441 696 710 632 714 575] [508 690 668 630 795 642 652 688 739 713 634 570 595 830 650 630 601 613
 656 625 746 498 573 517 751 676 376 642 632 648 714 548] [616 622 728 551 714 549 633 601 711 763 669 559 648 781 690 556 580 510
 649 626 722 538 543 482 738 604 370 631 685 654 776 614] [445 635 577 556 715 505 536 626 651 618 500 565 551 727 554 532 631 540
 615 555 628 469 518 528 630 502 398 458 552 546 634 458] [615 529 599 584 580 508 617 593 579 656 466 611 509 728 666 498 546 469
 607 447 649 429 424 376 663 495 420 581 599 549 634 494] [515 609 583 633 695 612 663 660 727 593 524 586 592 754 646 545 567 498
 558 599 656 455 534 559 708 582 447 570 624 569 681 486] [541 563 474 544 627 528 503 594 524 636 425 501 515 719 623 498 600 442
 500 462 605 444 468 440 745 417 389 559 535 517 491 487] [502 582 546 558 605 532 531 599 519 585 523 553 514 713 579 489 534 491
 578 530 601 430 498 400 719 456 332 554 539 510 588 464] [605 758 790 718 811 730 729 814 881 743 657 668 709 895 812 690 754 670
 751 729 754 645 674 674 837 664 467 619 752 725 834 562] [704 797 774 695 800 593 747 752 838 757 650 757 631 950 747 651 674 653
 727 647 845 609 583 607 831 639 509 740 741 747 879 655] [595 809 803 589 929 682 712 768 808 814 695 724 603 999 696 676 733 673
 706 791 816 633 645 654 912 657 518 741 764 755 761 554] [622 723 649 618 743 606 711 618 706 669 597 610 651 826 717 569 626 487
 671 533 833 454 505 448 716 592 419 709 613 639 730 558] [539 706 636 695 593 651 567 706 658 684 539 632 562 800 625 556 729 637
 719 515 696 498 627 494 733 581 429 615 664 669 683 570][370 385 461 347 448 424 480 445 398 350 371 333 327 418 477 395 485 334
 383 304 519 329 348 248 507 298 279 330 335 383 461 225] [358 382 313 246 502 218 331 310 414 283 335 207 384 399 341 219 329 264
 420 319 388 266 375 264 446 330 294 244 388 309 337 283] [316 446 374 371 316 493 366 438 348 461 299 477 258 515 365 437 365 292
 340 420 376 352 247 346 331 308 227 412 282 469 347 266] [293 415 354 349 401 301 279 423 343 456 232 235 363 491 311 282 305 330
 309 368 342 315 298 268 387 342 310 377 419 328 317 432] [310 317 391 329 348 346 414 370 375 388 372 400 243 381 394 344 438 306
 352 288 444 267 313 263 465 278 271 351 237 331 362 227] [162 320 232 296 320 211 151 304 295 402 207 224 228 391 203 283 219 260
 198 268 171 262 188 255 257 278 163 394 245 267 207 416] [298 317 310 329 266 367 349 340 265 358 245 354 141 363 315 303 337 276
 309 240 319 350 237 241 337 271 191 312 270 353 300 205] [327 433 295 407 331 276 244 389 282 358 250 329 379 513 331 298 200 330
 351 348 341 267 307 312 337 375 154 362 402 366 333 374] [300 321 461 284 430 350 467 304 413 333 413 341 337 402 459 300 564 216
 413 334 487 278 391 248 577 265 303 284 392 386 467 208] [357 457 297 191 392 207 279 286 391 309 292 294 453 418 390 218 306 243
 323 327 422 276 365 294 477 339 270 365 435 360 380 301] [220 252 385 189 336 276 380 306 362 238 348 270 225 304 296 288 367 217
 297 254 347 227 275 177 322 229 203 261 293 330 434 247] [429 208 394 239 524 184 346 202 523 285 400 216 505 245 438 156 405 163
 447 192 423 163 421 134 517 171 332 189 500 189 439 240] [301 396 426 359 269 408 411 442 367 366 371 379 219 434 352 377 431 278
 406 335 314 330 246 290 322 294 196 359 345 432 424 284] [194 334 209 256 235 238 169 285 233 348 178 199 241 372 209 224 200 250
 215 302 229 276 225 231 229 248 155 301 268 310 261 304] [290 297 335 261 287 324 329 301 246 291 226 313 185 406 347 301 360 230
 389 338 346 192 200 177 369 169 154 294 250 262 291 183] [292 297 262 278 239 177 238 268 265 351 210 198 309 313 290 218 226 263
 260 261 259 260 246 226 277 251 214 222 362 263 312 316] [347 373 408 402 378 432 374 454 323 411 373 355 290 439 364 356 394 268
 362 312 458 276 282 289 444 372 214 338 384 422 440 258] [285 446 344 318 427 308 249 433 378 339 296 251 419 525 314 277 309 373
 344 352 397 305 400 336 441 431 240 405 418 404 400 440] [226 282 345 251 294 315 323 292 327 325 271 322 224 370 350 285 339 233
 296 277 295 234 227 174 334 192 201 265 237 272 329 166] [422 417 283 346 500 247 326 327 417 447 355 242 385 434 316 369 367 322
 419 385 382 315 287 349 424 358 329 320 369 274 289 349] [259 358 409 368 340 343 369 385 352 395 358 416 266 427 363 329 374 294
 362 309 406 287 232 226 348 328 171 378 270 399 414 309] [231 435 226 342 210 302 156 359 240 482 248 295 303 484 287 309 182 284
 221 368 304 339 275 296 319 379  97 414 297 390 305 467] [217 327 331 253 334 356 322 382 303 165 326 314 258 357 314 280 367 230
 310 319 384 184 223 188 348 168 182 285 234 304 346 205] [223 245 325 263 394 194 243 233 302 265 293 220 314 357 246 215 209 218
 285 187 310 146 307 135 381 239 207 254 339 210 280 260] [269 289 363 259 349 322 406 329 386 298 334 296 294 336 385 287 397 246
 321 260 370 249 251 201 392 252 232 255 283 359 385 233] [212 264 215 263 322 227 211 282 264 336 193 216 233 372 192 264 255 272
 240 235 229 239 225 253 291 238 240 292 256 257 202 344] [252 284 272 300 264 294 306 333 214 358 271 330 165 361 273 305 315 284
 297 261 283 260 174 192 352 259 179 309 179 312 291 223] [327 432 403 387 417 295 270 403 397 400 313 267 389 513 348 368 250 401
 362 407 336 320 331 387 383 378 276 312 419 306 413 334] [354 369 498 298 343 422 452 384 392 346 365 371 242 451 435 375 403 255
 408 330 444 287 294 322 414 353 184 345 342 418 492 237] [390 434 342 267 422 258 314 351 385 394 300 300 441 493 385 291 293 329
 383 403 408 327 367 391 439 367 259 400 478 346 385 337] [277 305 381 283 401 337 414 295 374 393 313 320 312 356 382 412 373 282
 326 332 443 261 253 288 396 315 195 305 235 353 406 227] [316 328 282 324 430 239 299 322 391 319 290 238 341 409 336 249 287 329
 384 254 288 242 283 233 346 329 221 315 360 328 238 392][ 185 1991 -140 2263 -140 1994 -360 2401   55 2211 -177 1924  653 1896
 -295 2279 -329 2307  -74 2030 -313 2262   67 1722  -68 2464  286 1540
  111 1835 -165 2399] [  57 2101  -18 1989  218 1582  -98 2022   66 2080   44 1660  183 2285
   18 1885 -170 2088  -26 1897   70 1883  102 1740   24 2362   37 1723
  161 1822 -205 2394] [ 177 2118 -238 2172  -78 1845 -183 2374  104 2222 -289 1980  538 1928
 -144 2135 -336 2210  -64 2004 -272 2252  133 1598 -213 2284  339 1647
  280 1769 -162 2351] [  22 2188   20 1841  208 1468 -108 2117   29 2161   56 1503   69 2360
  103 1745 -117 1796   31 1889  -68 1937   88 1538   -2 2052   12 1779
  214 1691 -127 2269] [  66 1897 -365 1952 -256 1807 -336 2127 -107 2093 -224 1673  106 1915
 -445 1906 -528 2036 -169 2025 -455 2116  -54 1562 -280 2196  142 1729
   21 1498   -7 2079] [ -17 2112   -6 1861  199 1562  -13 2079  -24 2469  243 1571   11 2225
   -1 1716  -88 1993  -16 2080 -105 1970 -110 1765 -146 2222  -55 2164
  157 1479 -201 2517] [  53 1897 -368 2234 -153 1755 -331 2189  134 2079 -275 1936  415 1799
 -244 2028 -504 2238  -73 1889 -285 2096 -181 1752 -132 2154   36 1547
  -84 1988 -255 2296] [  52 2122  -87 1876  233 1417   38 2019   74 2132  -52 1766  109 2138
   47 1808 -153 2039   48 1834  -71 1855  -32 1747  -66 2082   64 1789
   73 1896 -166 2207] [  97 2098 -227 2315 -201 1965 -399 2498  -38 2397 -332 2052  430 1994
 -370 2268 -486 2476  -92 2139 -293 2352 -173 1998 -286 2603  104 1761
   10 2163 -123 2504] [ -22 2401  -88 2192  367 1681  -65 2326  -50 2387  104 1886  115 2533
  -13 1863 -202 2280   -1 2379   38 2234   14 2098  -77 2678  -18 2155
  124 2304 -344 2672] [ 493 1568  -18 1952   89 1517   90 1872  336 1729  -18 1657  730 1442
  175 1543 -217 1878  269 1722 -104 1769  274 1510   15 1827  246 1121
  215 1560 -215 1982] [ -67 1697  -38 1599  189 1026   43 1563  -69 1670  -35 1325   49 1552
  125 1211  -50 1380  -48 1607  -43 1322 -125 1436  -58 1468   68 1049
  227 1249  -91 1616] [  94 1795 -261 2006 -178 1558 -430 2093   99 1948 -233 1640  416 1612
 -206 1735 -347 1951 -207 1907 -211 1878   14 1333 -102 1904  206 1280
  106 1619 -157 2147] [-110 2082  -99 2021  253 1245  -90 1859  -10 2189   96 1403   43 1925
   54 1644  -81 1867  -29 1907 -108 1821   78 1209 -104 1911   28 1416
  185 1673 -273 2312] [-153 1530 -207 1843 -258 1495 -301 1809  215 1684 -231 1433  371 1427
  -74 1714 -187 1837 -246 1673 -143 1810   28 1299 -230 1932  131 1157
   83 1425  -58 1989] [  34 1305    7 1705  155 1095  -15 1520   15 1814   80 1127  112 1552
  -92 1639 -175 1668  -17 1524  -74 1656   74 1298 -113 1839  -53 1346
  157 1323 -226 2149] [  62 2171 -193 2320 -322 2181 -209 2620    6 2324 -450 2134  523 2089
 -248 2412 -353 2525 -201 2099 -439 2455   46 1780 -213 2699  291 1701
   36 2029 -163 2636] [  62 2274 -189 2288  230 1681 -218 2506   -5 2338   46 1689  195 2638
  -41 2168 -219 2425  103 1899  -37 2138  161 1725   -4 2501   54 1899
  237 1963 -204 2669] [  85 2016 -429 2234 -155 1952 -410 2231   77 2221 -136 1715  529 1898
 -248 2181 -276 2187  -96 2227 -339 2191  104 1648  -67 2363  199 1529
   57 1725 -314 2232] [-188 2174  -21 1973  175 1548 -107 1876   43 2331  109 1439   48 2247
  -34 2030 -165 2050 -142 2302  -84 1904  104 1822 -103 2380  -79 1570
  127 1660 -135 2247] [  67 1891 -490 2405 -235 1914 -448 2310 -123 2322 -410 1920  363 1976
 -287 2149 -489 2162 -178 2156 -509 2227   30 1658 -175 2267  275 1398
  -62 1765 -424 2568] [  54 2264 -110 2368  200 1753 -127 2201   -9 2480  126 1670  106 2539
  -29 2153 -160 2023  -62 2328  -33 2085  -48 1805  -27 2374   46 1878
  280 1800 -194 2700] [ 254 1445 -133 1902 -248 1603   11 1799   92 1707 -110 1506  375 1641
 -164 1822 -192 1793  179 1478 -287 1806  124 1346 -189 1905  322 1185
   22 1444  -76 1922] [ 149 1502 -108 1765  138 1269  -21 1713   31 1590   57 1259   57 1988
  -28 1598 -130 1565   59 1400  -56 1462 -126 1232  -72 1750   68 1432
  192 1258 -176 1934] [ 175 1734 -160 1773 -327 1754 -316 2057   19 1768 -321 1519  461 1661
 -399 1889 -269 1947 -127 1688 -476 2046  -22 1429 -376 2164  175 1329
  185 1466 -232 1984] [ -84 2011  -46 1801  183 1428 -161 1930   38 1943  100 1336   85 2223
   50 1684 -118 2049  -24 1746 -166 1860   68 1472  -86 1960   56 1573
  136 1706 -221 2218] [-145 2064 -267 2261  -84 1925 -436 2500  198 2081 -448 1948  486 1781
 -212 2213 -224 2309 -163 2221 -278 2193  248 1574 -140 2323   95 1457
  280 1655 -279 2323] [ -86 2106  -64 2060  184 1711 -212 2219   60 2201   40 1423  206 2148
  -72 2027 -196 2328  -80 2218 -154 1987  107 1771 -139 2288   29 1559
  168 1667 -188 2194] [ 108 2225 -313 2262  -96 2018 -386 2470  110 2365 -190 2032  578 1972
 -447 2380 -405 2288  -59 2237 -476 2470   46 1878 -361 2647  214 1719
  290 1810 -247 2411] [-127 2439   52 2024  301 1717  -97 2182    6 2486  122 1722   82 2349
 -110 2111  -47 1943  -17 2352  -80 2095    7 1940 -116 2447   50 1911
  254 1781 -180 2269] [ 295 1701 -256 2077 -300 1906 -236 2069   21 1984 -206 1641  343 1867
 -278 1930 -353 2250 -131 1854 -411 2073  -35 1656 -375 2199  297 1472
  120 1796 -134 2227] [  36 1866  -60 1797   85 1650  -78 1943   29 2021  126 1293   83 2252
    1 1700 -146 2066   39 1628  -52 1793   30 1747   12 2088   23 1768
   70 1749 -178 2388][712 845 823 773 872 663 794 787 782 849 606 799 752 957 839 716 758 644
 773 662 905 625 718 612 902 722 564 710 809 743 857 632] [590 821 736 708 806 673 664 772 787 722 589 627 680 884 812 588 693 577
 650 650 865 567 656 511 912 718 470 628 619 726 762 544] [752 719 775 774 830 637 715 721 820 847 637 738 695 885 760 722 739 653
 770 649 759 581 548 626 740 590 599 780 765 669 752 752] [749 759 706 642 730 678 726 814 705 844 670 607 590 905 829 648 693 602
 673 666 788 625 615 562 909 548 472 738 792 658 736 615] [579 723 695 612 771 627 700 762 705 772 652 742 568 877 689 579 683 607
 680 661 795 562 627 458 852 627 497 740 596 723 628 625] [596 574 551 538 699 465 592 563 514 656 542 549 495 689 552 480 528 411
 665 486 602 471 401 449 654 421 384 679 484 524 527 598] [588 661 659 605 656 557 615 657 646 637 486 591 491 767 655 582 542 557
 604 607 638 461 521 465 708 531 443 584 687 552 655 478] [590 729 706 685 760 593 709 712 847 683 576 650 598 899 729 611 632 631
 654 643 785 523 600 476 746 659 449 628 734 690 806 567] [593 776 718 777 746 790 703 807 771 848 668 726 654 955 770 641 810 603
 684 632 802 635 646 615 899 597 515 682 758 786 828 592] [582 823 754 531 830 616 742 694 759 736 643 639 585 872 798 593 728 559
 710 601 865 585 637 583 865 689 437 708 734 737 772 483] [458 640 627 601 675 533 586 683 675 512 518 543 551 716 538 565 522 561
 525 540 609 457 535 521 606 548 399 466 634 560 747 492] [566 679 720 675 644 735 706 729 619 768 531 717 552 816 720 569 720 512
 714 607 717 513 553 494 745 507 405 590 743 688 724 491] [572 669 756 707 716 597 727 741 769 754 623 697 572 808 636 668 696 645
 746 650 677 556 587 588 699 574 488 587 770 695 797 600] [481 561 539 429 619 502 515 557 596 555 509 463 494 660 538 461 544 419
 501 585 567 444 442 427 635 401 378 513 555 595 555 463] [591 585 562 605 634 504 537 677 601 655 467 527 506 766 631 546 659 573
 683 512 624 423 466 385 700 432 359 528 572 498 571 468] [413 599 598 555 547 502 510 569 509 725 484 463 462 674 527 481 513 462
 468 523 631 541 528 414 651 461 277 431 553 617 642 469] [654 749 687 654 811 654 660 675 739 767 717 660 679 953 671 711 704 643
 702 713 855 551 674 571 905 632 495 741 738 736 815 690] [ 748  788  693  636  900  685  786  874  826  689  696  632  703  976
  859  666  746  669  707  724  893  582  738  601 1068  708  523  790
  794  775  830  711] [530 503 616 587 665 492 589 664 612 605 476 554 501 667 586 440 545 493
 596 489 570 441 446 383 635 540 465 543 571 530 564 539] [580 820 704 718 868 677 640 715 802 903 643 660 704 948 774 767 730 600
 721 765 840 559 710 619 893 671 441 696 710 632 714 575] [508 690 668 630 795 642 652 688 739 713 634 570 595 830 650 630 601 613
 656 625 746 498 573 517 751 676 376 642 632 648 714 548] [616 622 728 551 714 549 633 601 711 763 669 559 648 781 690 556 580 510
 649 626 722 538 543 482 738 604 370 631 685 654 776 614] [445 635 577 556 715 505 536 626 651 618 500 565 551 727 554 532 631 540
 615 555 628 469 518 528 630 502 398 458 552 546 634 458] [615 529 599 584 580 508 617 593 579 656 466 611 509 728 666 498 546 469
 607 447 649 429 424 376 663 495 420 581 599 549 634 494] [515 609 583 633 695 612 663 660 727 593 524 586 592 754 646 545 567 498
 558 599 656 455 534 559 708 582 447 570 624 569 681 486] [541 563 474 544 627 528 503 594 524 636 425 501 515 719 623 498 600 442
 500 462 605 444 468 440 745 417 389 559 535 517 491 487] [502 582 546 558 605 532 531 599 519 585 523 553 514 713 579 489 534 491
 578 530 601 430 498 400 719 456 332 554 539 510 588 464] [605 758 790 718 811 730 729 814 881 743 657 668 709 895 812 690 754 670
 751 729 754 645 674 674 837 664 467 619 752 725 834 562] [704 797 774 695 800 593 747 752 838 757 650 757 631 950 747 651 674 653
 727 647 845 609 583 607 831 639 509 740 741 747 879 655] [595 809 803 589 929 682 712 768 808 814 695 724 603 999 696 676 733 673
 706 791 816 633 645 654 912 657 518 741 764 755 761 554] [622 723 649 618 743 606 711 618 706 669 597 610 651 826 717 569 626 487
 671 533 833 454 505 448 716 592 419 709 613 639 730 558] [539 706 636 695 593 651 567 706 658 684 539 632 562 800 625 556 729 637
 719 515 696 498 627 494 733 581 429 615 664 669 683 570][712 845 823 773 872 663 794 787 782 849 606 799 752 957 839 716 758 644
 773 662 905 625 718 612 902 722 564 710 809 743 857 632] [590 821 736 708 806 673 664 772 787 722 589 627 680 884 812 588 693 577
 650 650 865 567 656 511 912 718 470 628 619 726 762 544] [752 719 775 774 830 637 715 721 820 847 637 738 695 885 760 722 739 653
 770 649 759 581 548 626 740 590 599 780 765 669 752 752] [749 759 706 642 730 678 726 814 705 844 670 607 590 905 829 648 693 602
 673 666 788 625 615 562 909 548 472 738 792 658 736 615] [579 723 695 612 771 627 700 762 705 772 652 742 568 877 689 579 683 607
 680 661 795 562 627 458 852 627 497 740 596 723 628 625] [596 574 551 538 699 465 592 563 514 656 542 549 495 689 552 480 528 411
 665 486 602 471 401 449 654 421 384 679 484 524 527 598] [588 661 659 605 656 557 615 657 646 637 486 591 491 767 655 582 542 557
 604 607 638 461 521 465 708 531 443 584 687 552 655 478] [590 729 706 685 760 593 709 712 847 683 576 650 598 899 729 611 632 631
 654 643 785 523 600 476 746 659 449 628 734 690 806 567] [593 776 718 777 746 790 703 807 771 848 668 726 654 955 770 641 810 603
 684 632 802 635 646 615 899 597 515 682 758 786 828 592] [582 823 754 531 830 616 742 694 759 736 643 639 585 872 798 593 728 559
 710 601 865 585 637 583 865 689 437 708 734 737 772 483] [458 640 627 601 675 533 586 683 675 512 518 543 551 716 538 565 522 561
 525 540 609 457 535 521 606 548 399 466 634 560 747 492] [566 679 720 675 644 735 706 729 619 768 531 717 552 816 720 569 720 512
 714 607 717 513 553 494 745 507 405 590 743 688 724 491] [572 669 756 707 716 597 727 741 769 754 623 697 572 808 636 668 696 645
 746 650 677 556 587 588 699 574 488 587 770 695 797 600] [481 561 539 429 619 502 515 557 596 555 509 463 494 660 538 461 544 419
 501 585 567 444 442 427 635 401 378 513 555 595 555 463] [591 585 562 605 634 504 537 677 601 655 467 527 506 766 631 546 659 573
 683 512 624 423 466 385 700 432 359 528 572 498 571 468] [413 599 598 555 547 502 510 569 509 725 484 463 462 674 527 481 513 462
 468 523 631 541 528 414 651 461 277 431 553 617 642 469] [654 749 687 654 811 654 660 675 739 767 717 660 679 953 671 711 704 643
 702 713 855 551 674 571 905 632 495 741 738 736 815 690] [ 748  788  693  636  900  685  786  874  826  689  696  632  703  976
  859  666  746  669  707  724  893  582  738  601 1068  708  523  790
  794  775  830  711] [530 503 616 587 665 492 589 664 612 605 476 554 501 667 586 440 545 493
 596 489 570 441 446 383 635 540 465 543 571 530 564 539] [580 820 704 718 868 677 640 715 802 903 643 660 704 948 774 767 730 600
 721 765 840 559 710 619 893 671 441 696 710 632 714 575] [508 690 668 630 795 642 652 688 739 713 634 570 595 830 650 630 601 613
 656 625 746 498 573 517 751 676 376 642 632 648 714 548] [616 622 728 551 714 549 633 601 711 763 669 559 648 781 690 556 580 510
 649 626 722 538 543 482 738 604 370 631 685 654 776 614] [445 635 577 556 715 505 536 626 651 618 500 565 551 727 554 532 631 540
 615 555 628 469 518 528 630 502 398 458 552 546 634 458] [615 529 599 584 580 508 617 593 579 656 466 611 509 728 666 498 546 469
 607 447 649 429 424 376 663 495 420 581 599 549 634 494] [515 609 583 633 695 612 663 660 727 593 524 586 592 754 646 545 567 498
 558 599 656 455 534 559 708 582 447 570 624 569 681 486] [541 563 474 544 627 528 503 594 524 636 425 501 515 719 623 498 600 442
 500 462 605 444 468 440 745 417 389 559 535 517 491 487] [502 582 546 558 605 532 531 599 519 585 523 553 514 713 579 489 534 491
 578 530 601 430 498 400 719 456 332 554 539 510 588 464] [605 758 790 718 811 730 729 814 881 743 657 668 709 895 812 690 754 670
 751 729 754 645 674 674 837 664 467 619 752 725 834 562] [704 797 774 695 800 593 747 752 838 757 650 757 631 950 747 651 674 653
 727 647 845 609 583 607 831 639 509 740 741 747 879 655] [595 809 803 589 929 682 712 768 808 814 695 724 603 999 696 676 733 673
 706 791 816 633 645 654 912 657 518 741 764 755 761 554] [622 723 649 618 743 606 711 618 706 669 597 610 651 826 717 569 626 487
 671 533 833 454 505 448 716 592 419 709 613 639 730 558] [539 706 636 695 593 651 567 706 658 684 539 632 562 800 625 556 729 637
 719 515 696 498 627 494 733 581 429 615 664 669 683 570]